Instance,BKS,GVNS_Best,GVNS_Avg,GVNS_Gap%,GVNS_Time(s),HGA_Best,HGA_Avg,HGA_Std,HGA_Gap%,HGA_Time(s),Runs
C101,320,320,320.0,0.0,0.2,320.0,320.0,0.0,0.0,6.083,30
C201,870,850,850.0,2.3,0.1,870.0,870.0,0.0,0.0,34.589,30
R101,198,197,197.0,0.5,0.2,198.0,198.0,0.0,0.0,4.905,30
R201,797,765,775.6,2.7,6.7,797.0,793.63,1.56,0.42,58.304,30
RC101,219,219,219.0,0.0,2.1,219.0,219.0,0.0,0.0,4.24,30
RC201,795,778,784.0,1.4,3.7,795.0,793.7,3.1,0.16,48.02,30
Profile,Score_Avg,Score_Std,POIs_Avg,Cost_Avg,Rows,Hist,Hist%,Nat,Nat%,Food,Food%,Shop,Shop%,Ent,Ent%,Night,Night%
baseline,655.4,171.63,25.96,1669600.0,25,7.92,29.1,7.08,26.01,3.28,12.05,2.6,9.55,4.24,15.58,2.1,7.71
explorer,855.63,202.67,25.0,1587200.0,25,7.36,28.03,10.12,38.54,1.68,6.4,0.0,0.0,5.0,19.04,2.1,8.0
foodie,858.89,215.87,20.92,1862000.0,25,0.76,3.53,6.0,27.88,9.48,44.05,0.44,2.04,3.84,17.84,1.0,4.65
history_buff,1064.41,274.53,22.24,1592800.0,25,16.04,72.12,2.76,12.41,2.36,10.61,0.76,3.42,0.32,1.44,0.0,0.0
shopper,696.15,153.63,22.92,1914400.0,25,2.44,10.37,4.64,19.73,6.72,28.57,5.84,24.83,2.88,12.24,1.0,4.25
Budget_Tier,Budget_VND,Score_Avg,Score_Std,POIs_Avg,Cost_Avg,Free_Pct,Cat_Hist,Cat_Nat,Cat_Food,Cat_Shop,Cat_Ent,Cat_Night,Cat_Hist%,Cat_Nat%,Cat_Food%,Cat_Shop%,Cat_Ent%,Cat_Night%
backpacker_200k,200000,489.69,0.0,19.0,190000.0,63.16,4.0,12.0,1.0,2.0,0.0,0.0,21.05,63.16,5.26,10.53,0.0,0.0
standard_500k,500000,593.54,0.97,21.5,490000.0,51.16,4.5,11.0,2.5,1.5,2.0,0.0,20.93,51.16,11.63,6.98,9.3,0.0
luxury_unlimited,999999999,837.42,7.7,32.1,4255000.0,22.12,7.2,7.1,8.0,0.8,5.9,3.1,22.43,22.12,24.92,2.49,18.38,9.66
Budget_Tier,Score_Avg,Score_Std,POIs_Avg,Cost_Avg,Rows,cat_history_culture,cat_nature_parks,cat_food_drink,cat_shopping,cat_entertainment,cat_nightlife_wellness
backpacker_200k,549.62,61.54,21.9,190500.0,20,3.6,15.25,0.55,2.05,0.45,0.0
luxury_unlimited,884.62,48.72,31.1,4110500.0,20,7.8,7.4,8.15,0.4,5.8,3.1
standard_500k,664.95,73.27,24.3,488000.0,20,4.2,14.5,1.7,1.4,2.5,0.0
Variant,Norm_Score%,Norm_Std,Time(s),Gens,Diff%,Norm_C101,Norm_C201,Norm_R101,Norm_R201,Norm_RC101,Norm_RC201
full_hga,99.9,0.28,31.385,37.3,baseline,100.0,100.0,100.0,99.65,100.0,99.75
no_smart_repair,99.53,0.79,31.206,41.0,-0.37%,100.0,99.77,100.0,98.75,100.0,98.64
no_local_search,92.3,7.95,2.304,44.3,-7.60%,100.0,94.94,76.77,94.65,97.9,89.56
Variant,Norm_Score%,Norm_Std,Time(s),Gens_Avg,Diff%,Rows
full_hga,99.9,0.28,31.385,37.3,baseline,30
no_smart_repair,99.53,0.79,31.206,41.03,-0.37%,30
no_local_search,92.3,7.95,2.304,44.33,-7.60%,30
Param,Value,Norm_Score%,Norm_Std,Time(s),Gens,Norm_C101,Norm_C201,Norm_R101,Norm_R201,Norm_RC101,Norm_RC201
population_size,50.0,99.84,0.33,16.786,39.2,100.0,100.0,100.0,99.5,100.0,99.55
population_size,100.0,99.9,0.28,30.919,37.3,100.0,100.0,100.0,99.65,100.0,99.75
population_size,150.0,99.93,0.19,36.803,35.5,100.0,100.0,100.0,99.57,100.0,100.0
population_size,200.0,99.92,0.19,46.117,35.1,100.0,100.0,100.0,99.52,100.0,100.0
mutation_rate,0.3,99.9,0.28,25.093,37.3,100.0,100.0,100.0,99.65,100.0,99.75
mutation_rate,0.5,99.93,0.16,25.737,37.9,100.0,100.0,100.0,99.6,100.0,100.0
mutation_rate,0.7,99.89,0.23,27.505,39.1,100.0,100.0,100.0,99.5,100.0,99.85
mutation_rate,0.9,99.92,0.19,28.862,39.7,100.0,100.0,100.0,99.5,100.0,100.0
tournament_k,2.0,99.91,0.22,24.189,37.3,100.0,100.0,100.0,99.45,100.0,100.0
tournament_k,3.0,99.9,0.28,24.541,37.3,100.0,100.0,100.0,99.65,100.0,99.75
tournament_k,5.0,99.92,0.18,24.287,36.7,100.0,100.0,100.0,99.55,100.0,100.0
tournament_k,7.0,99.87,0.28,22.324,34.5,100.0,100.0,100.0,99.42,100.0,99.8
stagnation_limit,15.0,99.84,0.32,16.416,24.6,100.0,100.0,100.0,99.45,100.0,99.6
stagnation_limit,25.0,99.9,0.28,24.511,37.3,100.0,100.0,100.0,99.65,100.0,99.75
stagnation_limit,40.0,99.9,0.28,33.449,53.2,100.0,100.0,100.0,99.67,100.0,99.75
stagnation_limit,60.0,99.92,0.23,47.24,76.5,100.0,100.0,100.0,99.72,100.0,99.8
Parameter,Value,Norm_Score%,Norm_Std,Time(s),Gens_Avg,Rows,Norm_C101,Norm_C201,Norm_R101,Norm_R201,Norm_RC101,Norm_RC201
mutation_rate,0.3,99.9,0.28,25.093,37.3,30,100.0,100.0,100.0,99.65,100.0,99.75
mutation_rate,0.5,99.93,0.16,25.737,37.9,30,100.0,100.0,100.0,99.6,100.0,100.0
mutation_rate,0.7,99.89,0.23,27.505,39.1,30,100.0,100.0,100.0,99.5,100.0,99.85
mutation_rate,0.9,99.92,0.19,28.862,39.7,30,100.0,100.0,100.0,99.5,100.0,100.0
population_size,100,99.9,0.28,30.919,37.3,30,100.0,100.0,100.0,99.65,100.0,99.75
population_size,150,99.93,0.19,36.803,35.53,30,100.0,100.0,100.0,99.57,100.0,100.0
population_size,200,99.92,0.19,46.117,35.13,30,100.0,100.0,100.0,99.52,100.0,100.0
population_size,50,99.84,0.33,16.786,39.23,30,100.0,100.0,100.0,99.5,100.0,99.55
stagnation_limit,15,99.84,0.32,16.416,24.57,30,100.0,100.0,100.0,99.45,100.0,99.6
stagnation_limit,25,99.9,0.28,24.511,37.3,30,100.0,100.0,100.0,99.65,100.0,99.75
stagnation_limit,40,99.9,0.28,33.449,53.2,30,100.0,100.0,100.0,99.67,100.0,99.75
stagnation_limit,60,99.92,0.23,47.24,76.53,30,100.0,100.0,100.0,99.72,100.0,99.8
tournament_k,2,99.91,0.22,24.189,37.27,30,100.0,100.0,100.0,99.45,100.0,100.0
tournament_k,3,99.9,0.28,24.541,37.3,30,100.0,100.0,100.0,99.65,100.0,99.75
tournament_k,5,99.92,0.18,24.287,36.73,30,100.0,100.0,100.0,99.55,100.0,100.0
tournament_k,7,99.87,0.28,22.324,34.47,30,100.0,100.0,100.0,99.42,100.0,99.8
